0.97
4.97
1.22
4.88
5.42
4.89
5.34
0.18
5.37
4.43
5.83
0.94
4.89
1.55
4.30
0.09
3.15
6.01
5.95
6.18
0.56
3.53
0.91
5.24
4.73
3.84
1.63
3.91
5.26
1.39
5.67
4.70
1.92
0.65
0.01
1.49
3.28
5.97
3.32
1.95
3.16
0.96
2.03
0.20
5.23
5.01
2.56
6.11
0.74
2.15
1.06
5.24
5.74
5.07
4.72
4.91
3.34
5.51
5.20
3.44
0.55
0.28
5.34
0.01
4.26
5.77
0.00
4.84
0.48
0.99
0.38
5.02
0.00
5.52
0.51
6.04
4.65
0.59
5.63
3.45
4.54
5.87
2.57
4.24
5.10
4.70
2.79
4.42
5.71
5.21
2.06
5.41
2.54
4.67
4.16
1.45
1.64
3.95
5.49
3.57
6.04
4.08
0.26
1.36
1.46
1.26
0.49
5.08
5.14
1.05
0.47
0.68
5.41
5.27
1.14
0.81
4.51
2.10
1.01
5.89
5.49
4.37
1.61
4.07
0.26
3.75
5.56
0.53
4.89
3.03
0.19
5.26
4.49
5.11
2.07
2.39
0.25
0.63
3.91
0.25
2.95
6.21
5.79
1.66
2.42
5.79
2.02
1.48
1.44
0.12
2.05
2.46
4.34
1.26
3.95
5.12
1.58
3.46
2.87
0.12
5.85
1.70
5.17
2.39
5.62
6.28
6.28
6.13
5.03
0.11
3.63
2.92
1.09
4.81
6.25
2.07
0.14
6.24
3.53
5.08
0.53
5.36
2.93
3.76
5.83
2.55
6.00
1.48
4.20
2.49
6.06
0.29
0.50
3.41
5.92
0.14
1.58
5.01
1.10
3.03
4.10
0.31
5.39
0.25
0.24
5.19
4.62
2.36
0.19
3.44
1.37
5.97
4.22
2.40
0.18
3.28
0.14
5.09
1.85
5.61
0.50
0.68
5.29
4.53
5.47
5.32
5.05
5.67
1.73
4.46
5.77
4.33
6.15
4.53
2.84
1.74
5.95
2.73
3.43
2.10
0.36
5.33
1.63
1.55
6.08
4.08
1.40
5.36
0.78
4.51
5.20
5.50
4.14
3.01
4.07
4.51
1.09
3.43
5.34
0.09
1.67
5.45
1.21
2.65
2.58
5.96
5.48
0.16
6.08
4.82
2.17
4.16
2.50
4.83
1.52
4.52
4.52
4.12
6.10
4.28
1.32
4.82
2.67
1.84
3.02
5.65
4.04
0.15
5.67
6.07
5.73
3.87
4.72
2.21
2.96
2.08
0.16
5.61
4.56
4.86
1.31
1.53
4.41
0.11
3.17
5.07
5.61
1.14
5.20
4.38
5.56
4.46
4.43
1.98
5.39
2.52
0.51
6.07
2.09
6.25
0.66
2.58
2.68
1.16
0.83
4.18
0.54
5.14
0.27
2.23
1.01
0.67
3.78
5.37
1.23
6.21
6.15
5.12
4.77
3.57
4.25
0.83
5.56
1.50
4.00
5.39
1.72
4.88
5.13
1.26
1.44
0.94
1.19
1.98
2.09
0.85
1.63
3.73
5.48
0.20
3.42
0.58
1.73
1.69
5.64
5.91
5.76
3.78
2.49
4.04
5.60
0.20
0.24
0.49
1.64
3.69
6.09
5.59
2.05
3.26
1.89
5.49
1.75
5.86
5.35
5.13
0.96
4.47
1.28
4.87
4.24
0.06
0.62
1.25
0.90
5.02
4.64
3.29
0.73
2.52
4.72
0.46
5.20
4.74
5.74
3.98
4.14
3.66
0.12
0.47
0.95
5.04
1.52
2.41
0.23
0.55
2.99
5.25
3.03
4.04
2.22
4.61
1.18
6.00
3.95
1.23
1.47
2.52
4.95
1.80
5.94
1.17
6.14
6.05
2.69
1.21
2.02
0.78
0.10
6.02
5.85
6.14
3.76
1.97
2.43
0.19
1.52
5.74
1.26
1.40
0.91
5.70
2.12
5.75
5.50
0.13
4.27
4.02
0.58
5.00
3.89
2.40
3.96
2.59
4.92
2.84
4.44
5.92
2.16
1.22
2.08
5.25
0.36
5.75
1.49
2.58
5.05
6.10
2.07
3.53
2.81
4.96
3.99
1.18
0.16
2.60
1.69
6.01
0.78
1.44
3.07
5.79
1.87
1.81
4.27
0.59
0.58
4.17
5.87
0.79
2.81
1.66
1.97
2.57
0.89
0.78
0.30
1.27
5.32
2.32
3.04
3.00
1.20
0.11
4.06
0.26
0.91
2.95
4.35
0.80
0.85
3.11
0.16
1.13
1.28
5.79
0.55
0.91
5.94
0.38
1.58
3.25
0.84
0.05
4.69
3.22
5.42
3.08
0.26
0.68
4.78
4.64
0.46
3.30
5.48
2.26
6.09
1.07
2.22
5.21
1.21
0.92
0.56
4.48
5.53
6.26
0.53
0.83
5.68
1.72
0.03
6.09
6.22
0.64
6.00
6.26
4.33
3.48
3.70
4.97
5.64
4.09
0.36
5.92
5.37
5.62
5.92
4.09
3.84
1.54
1.90
0.78
5.91
3.72
6.00
4.72
5.37
5.10
6.06
1.41
4.21
1.60
3.71
0.96
3.21
5.27
4.02
0.01
4.91
0.67
0.39
2.67
1.09
0.62
5.23
2.40
0.40
6.03
4.22
4.18
1.55
0.04
3.89
4.46
1.35
3.20
0.01
4.93
3.33
5.71
3.20
4.56
4.23
3.10
2.07
1.85
5.52
4.52
0.14
4.17
6.13
2.31
5.46
0.31
0.75
3.10
2.09
0.50
2.50
6.07
6.23
5.67
4.85
3.51
5.16
2.47
0.32
5.81
1.11
0.79
5.51
0.26
4.85
2.21
4.79
2.18
0.31
2.72
4.88
0.19
5.93
0.55
5.74
5.30
2.34
2.90
6.24
1.16
3.79
0.58
5.29
2.46
5.20
0.16
2.28
0.64
4.54
1.31
3.98
2.52
0.69
4.81
2.64
5.86
0.16
0.60
4.35
1.02
4.10
1.88
0.46
3.83
1.20
0.82
2.00
5.05
3.98
0.34
5.49
2.57
5.22
1.86
1.04
6.05
0.03
5.04
5.05
0.72
1.96
1.62
5.28
1.43
0.37
0.37
4.78
3.67
5.04
1.47
5.87
1.62
4.58
5.08
1.26
5.69
2.14
0.25
6.22
5.47
0.57
5.20
2.50
0.47
5.84
0.38
5.53
2.53
6.10
1.95
1.46
3.52
6.17
5.26
3.65
5.26
4.34
4.15
0.19
2.42
3.23
5.92
4.70
0.15
5.61
0.60
2.32
0.02
1.91
4.03
0.93
5.63
1.66
4.16
3.64
2.01
6.10
1.23
0.63
2.09
0.65
4.83
4.34
0.89
2.32
5.51
3.68
0.47
1.97
5.81
5.14
1.24
1.68
5.49
3.72
6.26
6.15
3.77
4.55
4.82
4.04
1.81
4.18
4.41
5.12
4.42
0.76
0.95
3.95
0.91
1.76
6.05
4.11
6.02
3.87
5.91
4.17
0.62
2.02
0.49
5.88
3.02
3.93
6.01
4.30
1.33
3.17
3.46
2.47
4.40
4.43
5.38
3.27
3.36
2.07
2.00
2.27
6.03
5.25
4.39
3.39
0.57
0.70
5.94
6.07
2.83
4.89
2.10
4.27
0.72
3.90
2.51
0.51
1.85
2.12
5.86
0.61
2.08
0.40
6.02
3.67
2.37
4.10
4.05
0.18
0.76
1.99
5.24
3.91
5.23
0.36
0.36
2.41
6.20
4.48
2.44
4.64
1.53
0.69
1.97
2.24
1.99
6.04
3.46
3.47
2.36
0.11
3.75
5.60
2.73
1.54
6.11
2.23
2.16
0.28
6.21
0.94
3.76
3.62
0.05
5.96
0.52
0.05
2.00
5.35
3.29
0.04
5.17
5.88
3.58
4.16
4.15
4.81
0.00
5.95
5.24
2.94
0.80
5.16
2.50
4.97
5.49
2.02
3.98
6.19
0.03
0.98
5.63
0.14
6.13
3.05
3.72
2.45
0.31
2.80
6.05
5.39
5.24
1.10
1.66
0.22
5.25
3.54
5.33
6.08
1.53
5.43
2.06
4.04
3.39
3.93
4.74
2.64
1.07
3.97
5.33
2.59
3.64
2.02
1.34
1.05
3.15
0.83
4.39
4.06
1.68
0.40
3.98
3.87
1.48
6.05
5.83
2.76
6.07
4.43
5.51
0.66
0.29
2.83
0.06
4.41
3.06
5.77
5.41
3.29
1.82
6.08
2.97
3.07
5.87
4.40
6.11
1.83
5.32
0.71
0.63
0.17
3.67
3.87
5.86
3.10
5.55
4.69
3.07
4.20
5.27
1.45
2.73
5.98
5.61
0.56
0.63
5.71
1.47
3.59
4.82
0.42
1.26
4.56
3.82
0.85
3.87
2.85
4.95
3.14
4.10
1.98
3.59
0.01
1.90
3.93
4.67
6.02
4.22
0.76
5.99
2.82
4.82
2.54
0.38
1.11
4.99
1.44
5.56
5.67
2.92
1.94
1.52
5.94
5.88
4.46
6.19
2.88
0.84
3.29
1.52
1.42
4.89
5.59
4.67
1.31
0.17
3.68
5.57
1.92
4.83
0.63
6.15
0.45
5.83
2.27
3.04
5.38
2.59
3.61
1.26
2.26
0.20
0.82
0.35
2.42
1.63
2.27
0.70
2.42
4.82
0.03
3.52
0.83
5.56
5.94
0.51
2.79
0.48
2.16
2.26
2.15
4.39
3.74
0.33
0.15
4.61
6.24
5.36
4.35
4.49
0.16
5.50
3.47
5.57
1.72
3.17
5.43
1.25
5.42
1.48
0.35
4.14
4.51
0.05
5.61
0.24
1.39
5.98
4.43
5.22
1.71
0.43
0.76
3.50
5.77
3.16
0.67
0.70
4.53
5.31
0.43
1.64
5.12
6.18
0.81
4.92
5.91
5.26
4.12
1.69
0.21
6.09
5.82
4.41
3.41
4.12
5.45
3.98
3.41
3.36
3.37
1.57
5.43
5.54
4.82
1.79
4.17
1.40
6.10
0.41
0.21
1.86
5.82
1.75
4.86
0.87
1.99
0.05
4.93
2.05
0.56
4.49
3.91
5.16
5.33
2.17
6.27
4.13
3.08
2.89
4.70
5.51
6.03
0.80
0.13
0.09
3.07
5.79
3.74
0.94
0.39
4.95
0.40
1.95
6.03
4.28
0.97
6.26
5.19
5.33
4.60
2.27
1.64
6.02
1.10
1.62
4.76
0.82
5.86
3.77
2.01
1.71
2.25
1.44
2.44
2.29
4.81
0.38
5.67
0.62
0.26
4.59
4.96
3.63
1.29
5.90
2.66
0.16
4.02
4.49
5.57
4.14
1.36
3.58
1.37
5.09
4.41
1.93
1.55
4.24
2.66
3.86
5.12
0.20
1.10
5.76
0.29
1.66
2.64
5.07
5.76
5.56
2.39
4.74
5.41
0.19
5.76
5.46
4.59
2.00
6.00
5.78
0.15
0.84
3.98
0.65
1.23
1.70
3.48
1.05
0.99
0.87
4.50
5.12
2.45
0.56
3.89
4.60
0.12
3.72
4.70
1.13
3.66
5.21
5.15
6.18
4.59
1.91
0.45
1.05
0.49
4.61
4.38
0.48
1.69
0.45
1.56
5.12
1.67
1.77
5.88
3.75
5.54
0.54
5.95
5.81
0.35
0.36
5.78
0.84
5.36
5.77
6.12
1.93
0.20
1.54
4.88
1.57
4.38
2.98
6.14
3.63
2.00
4.20
6.00
2.59
5.51
0.62
1.19
4.76
2.14
3.89
0.56
2.64
2.04
0.85
0.63
3.77
3.07
3.99
4.79
5.47
3.13
3.49
1.76
2.73
4.32
4.09
1.95
5.29
4.75
1.04
2.73
0.96
2.25
1.33
1.96
3.51
1.05
1.06
3.94
5.10
5.66
1.10
5.14
0.14
1.67
1.00
5.36
0.62
0.97
4.02
5.47
4.32
1.31
1.64
1.59
5.36
0.05
3.91
0.37
0.06
1.77
5.18
5.20
1.79
1.81
0.19
4.75
2.35
0.64
5.04
3.35
0.88
1.48
6.05
0.07
4.44
4.18
2.51
1.35
5.07
0.81
5.36
4.03
2.58
5.65
5.07
2.31
2.64
1.92
0.96
4.30
1.49
5.34
1.23
4.74
5.52
3.60
5.68
1.23
4.61
0.42
0.58
2.76
3.25
3.29
0.92
0.38
4.31
5.76
4.99
0.04
4.08
0.72
1.70
5.20
4.94
6.15
5.15
1.02
4.48
6.19
1.12
0.30
0.66
2.23
4.01
5.59
3.24
0.80
2.22
6.23
0.52
4.15
4.77
6.21
3.35
0.45
0.65
0.66
1.19
2.44
5.79
0.35
3.45
6.06
3.97
4.83
3.75
4.03
5.49
2.78
1.97
2.12
5.89
0.50
2.42
2.03
3.74
6.03
4.05
0.14
0.03
5.10
4.64
0.83
2.46
4.16
4.25
0.63
0.09
1.63
0.95
1.73
5.09
4.99
5.28
4.79
0.26
5.41
2.31
5.70
0.64
4.58
3.19
6.08
5.98
5.01
0.91
0.27
3.48
2.15
6.20
0.71
2.74
5.18
6.15
1.28
5.14
1.50
0.18
5.07
3.37
0.23
3.65
3.41
4.77
1.66
1.87
3.83
5.00
1.88
1.69
2.32
0.39
1.87
5.64
2.89
0.90
2.71
0.80
0.83
0.63
1.12
3.03
4.70
5.39
5.30
2.96
2.36
4.05
1.50
5.17
0.86
3.69
6.22
0.21
5.83
0.57
0.34
5.99
0.53
5.36
2.52
5.01
5.91
0.93
3.94
1.61
5.63
4.20
2.74
2.21
0.90
1.73
1.48
3.72
5.84
0.55
1.57
4.48
0.93
3.93
3.98
0.51
0.64
0.15
4.90
4.68
2.40
5.09
6.20
0.93
0.53
5.14
0.42
1.55
5.35
2.45
0.52
2.50
3.17
4.46
2.73
1.27
3.51
4.67
2.98
4.49
2.03
5.24
0.62
4.88
1.77
5.87
5.74
4.43
4.81
5.19
0.62
6.24
1.11
3.05
1.96
4.44
1.09
5.12
0.20
0.03
4.70
5.64
0.34
2.71
0.73
5.33
5.69
2.32
5.84
3.21
1.25
0.89
5.46
5.68
0.90
0.53
5.90
4.06
5.79
5.48
1.93
2.23
0.38
0.48
1.77
3.70
4.17
4.71
6.06
1.72
5.55
5.62
5.78
2.17
3.68
3.46
3.49
2.03
4.28
5.42
0.56
3.67
4.61
3.89
0.64
5.69
2.19
4.59
5.57
5.06
6.14
5.78
4.57
4.36
5.04
4.93
0.42
5.44
2.94
6.12
1.92
2.54
5.50
5.30
0.93
1.74
1.31
3.61
1.66
0.10
3.73
4.93
1.87
0.32
6.01
1.99
1.66
5.83
0.71
3.69
4.99
0.89
1.33
6.22
1.46
1.48
3.42
1.65
1.11
0.59
3.33
1.03
4.15
5.61
5.40
3.33
4.47
5.35
1.03
6.05
1.92
1.79
5.36
2.38
4.52
3.89
4.26
0.46
0.25
0.02
0.82
3.18
4.47
0.94
0.08
0.93
1.68
0.58
4.41
1.30
6.20
1.98
3.92
0.53
1.25
5.45
4.73
1.47
2.11
1.30
3.09
0.17
6.26
2.78
5.66
4.53
2.19
4.48
5.26
3.67
4.91
4.44
6.15
4.65
5.01
1.89
2.85
4.01
3.57
4.91
5.44
4.10
2.07
1.61
0.01
4.97
0.74
1.49
2.21
5.42
4.25
3.43
0.60
5.33
5.50
3.17
5.84
2.68
3.49
2.88
5.70
5.04
6.15
0.32
0.33
1.06
4.62
2.13
5.07
3.10
2.83
4.58
0.49
5.06
0.40
0.40
5.56
2.51
0.88
5.34
5.50
4.00
0.57
3.12
0.19
2.98
4.55
2.03
5.69
1.63
0.50
0.69
4.44
4.65
4.21
0.76
5.50
4.78
5.19
4.23
6.07
2.58
1.35
3.58
4.88
1.15
2.90
2.69
5.10
5.93
0.76
1.24
0.98
0.77
5.37
4.05
4.77
3.44
5.09
5.43
0.12
0.44
2.60
0.44
3.49
0.34
0.20
1.19
0.71
5.44
2.28
0.84
0.65
5.86
4.95
0.58
0.48
2.47
3.39
1.72
2.17
0.57
3.83
4.40
0.29
1.19
2.64
0.45
4.94
5.93
0.69
4.36
4.78
3.38
5.61
1.04
1.32
0.04
1.94
3.13
1.23
4.83
2.08
1.55
2.56
5.50
2.72
1.18
5.97
4.78
5.47
3.88
5.28
4.20
5.26
5.21
4.34
4.54
4.54
4.21
1.11
4.02
2.79
5.40
0.50
2.92
6.09
1.26
0.19
3.31
3.41
5.96
4.44
5.94
2.00
1.99
2.33
5.66
4.98
1.73
2.68
2.70
5.97
0.19
3.34
0.42
0.31
5.01
5.48
5.78
1.08
4.07
5.68
6.26
5.65
0.46
0.11
0.43
0.80
2.21
1.04
0.55
4.04
4.55
1.36
3.68
2.60
0.54
5.50
6.06
2.22
1.77
1.07
1.02
3.08
4.92
1.09
6.15
0.35
5.41
0.46
3.14
5.30
0.01
0.43
5.66
5.45
3.45
5.38
5.07
5.63
5.90
5.46
1.31
1.13
1.20
4.08
3.70
0.93
5.71
5.94
3.43
4.10
3.15
5.48
5.24
3.35
0.54
3.49
2.04
5.04
2.70
5.35
0.98
5.03
3.30
5.72
5.14
2.48
3.98
4.25
2.72
3.10
2.36
4.88
6.11
6.13
5.76
5.31
2.47
3.43
5.75
4.50
5.49
3.46
4.91
3.50
2.34
6.00
5.06
4.41
4.84
5.96
5.86
6.28
4.32
4.94
1.13
3.59
3.84
0.34
2.53
4.27
4.21
4.59
2.07
4.45
6.19
4.03
1.88
0.73
5.62
0.67
0.78
4.11
3.38
4.65
1.17
5.52
5.78
0.94
2.52
0.91
0.99
3.86
3.30
1.60
0.11
0.20
3.77
0.91
6.01
0.91
0.53
2.32
4.16
5.04
5.41
0.57
3.37
4.40
2.56
1.00
3.55
5.57
1.19
6.23
4.06
0.84
0.26
5.90
4.03
5.74
5.60
5.79
5.36
1.14
4.30
0.89
5.55
0.18
3.91
0.41
1.97
5.10
0.84
3.30
5.90
0.64
1.06
0.92
4.95
0.26
4.56
2.54
4.71
6.11
3.17
0.03
1.11
0.73
2.17
3.00
2.54
6.25
0.55
5.36
4.61
4.71
4.90
6.23
0.21
2.16
4.97
0.20
4.35
1.69
3.75
4.68
4.85
3.92
4.63
5.88
0.81
3.70
5.49
2.19
2.34
5.51
5.68
5.48
2.41
2.56
0.67
3.60
1.30
1.85
5.35
3.69
4.21
3.82
4.96
2.78
5.26
6.20
0.18
1.91
0.16
5.32
5.63
6.13
0.25
0.76
5.93
5.82
1.97
2.26
5.92
5.06
5.25
1.07
0.53
2.08
6.24
5.84
0.25
0.88
3.16
3.57
2.19
1.37
1.29
4.87
0.93
2.04
4.09
1.33
6.12
0.77
2.90
6.11
0.52
5.61
2.10
1.45
4.52
6.26
1.02
1.02
3.50
0.18
1.04
4.77
0.80
5.97
2.13
5.23
3.68
1.79
4.65
0.12
4.47
1.10
5.32
4.99
5.99
0.52
5.88
6.05
5.99
5.68
0.18
1.55
1.82
5.38
1.07
2.11
5.30
0.88
4.61
1.20
1.50
0.84
5.56
6.08
2.53
4.72
5.11
3.31
0.49
0.02
4.89
0.70
1.14
1.93
2.14
0.89
1.26
3.13
1.63
0.99
2.57
5.62
0.82
4.67
5.03
5.84
2.80
6.10
2.77
2.44
0.67
1.47
6.22
1.69
6.02
1.27
5.08
0.54
2.27
5.61
3.23
4.13
0.37
1.14
4.69
4.31
5.53
4.98
5.48
4.45
6.15
4.10
3.05
3.85
6.10
2.44
1.94
1.66
0.50
2.95
3.09
2.74
0.82
4.69
0.46
2.37
1.70
1.31
1.55
0.07
4.56
0.40
1.98
3.88
2.72
0.19
0.12
3.24
5.83
2.20
2.28
4.21
3.67
4.75
5.67
5.40
6.23
2.03
5.68
6.16
4.67
3.50
0.57
2.18
1.30
0.65
0.14
3.92
4.15
5.82
3.31
3.65
1.24
5.66
0.98
3.90
3.33
5.32
2.80
4.05
6.13
4.16
0.01
3.77
0.67
2.15
3.53
1.70
5.97
4.59
3.73
3.46
1.03
5.79
2.88
0.95
5.86
5.89
5.16
6.24
0.71
4.67
0.68
2.47
3.99
4.85
0.57
5.78
2.08
0.39
4.69
5.29
5.15
0.36
0.85
4.37
2.17
0.11
3.46
0.07
0.09
1.03
4.58
6.24
3.99
5.13
0.00
0.07
1.03
2.86
1.58
5.69
4.15
4.94
0.63
2.79
0.23
4.82
0.73
2.84
3.49
3.98
4.25
1.29
1.47
4.62
5.05
5.34
6.26
5.42
4.21
5.34
1.66
0.59
4.33
1.18
2.67
0.97
1.98
0.00
4.72
5.06
1.25
1.31
4.50
2.27
1.57
0.44
5.36
2.80
1.93
2.05
1.87
6.21
4.78
4.97
6.08
5.05
2.36
3.01
5.43
5.60
3.28
0.68
3.61
1.95
4.60
4.50
5.67
2.75
5.45
1.07
5.15
0.38
3.05
1.02
2.59
0.40
5.81
4.41
2.37
3.74
5.80
0.87
0.25
1.59
1.22
1.42
3.80
3.93
3.97
3.67
5.18
3.60
3.20
3.86
1.12
6.01
1.81
4.56
0.39
3.14
4.03
0.30
5.17
2.05
4.10
3.26
5.32
3.55
3.83
4.83
5.58
2.33
5.74
1.38
4.85
5.05
5.11
6.19
5.01
0.57
4.42
1.79
2.95
4.41
0.81
5.35
5.23
4.99
6.09
4.92
1.88
5.37
0.26
0.68
0.18
5.50
4.46
2.65
6.10
3.63
4.83
0.39
3.29
1.21
5.86
5.31
0.05
4.86
0.75
0.54
0.03
3.97
4.84
0.47
0.07
0.52
0.16
5.83
5.64
5.69
5.56
2.14
6.26
5.73
5.51
2.30
4.61
5.79
2.82
3.79
0.32
6.18
2.29
0.81
1.72
5.84
1.13
2.26
1.73
3.72
5.06
4.38
4.11
3.40
5.09
1.08
4.89
4.79
4.64
5.13
3.46
3.96
2.98
1.03
1.51
1.12
0.24
0.73
3.26
1.39
5.79
0.84
3.24
2.88
4.46
6.00
2.24
3.73
3.90
0.82
0.02
5.73
6.01
5.71
1.36
0.50
0.99
4.23
0.51
0.11
4.70
1.01
3.25
3.51
5.61
1.60
1.54
0.05
0.89
1.69
2.56
5.36
4.32
5.94
5.47
0.31
1.79
0.62
5.56
3.30
1.04
5.14
5.70
1.24
1.49
5.52
2.59
1.81
3.80
4.30
1.20
6.19
2.97
5.60
0.02
2.49
3.29
6.15
2.64
2.75
2.58
0.09
6.15
0.27
3.87
5.16
0.12
1.98
0.41
4.37
4.33
2.33
5.88
1.58
1.23
5.21
1.12
4.84
0.36
4.04
0.26
2.52
0.33
4.53
0.94
0.42
4.52
5.02
5.68
1.09
5.60
5.78
5.82
1.70
2.19
1.15
5.31
0.44
2.24
2.90
5.64
5.61
5.58
5.10
4.11
1.34
0.59
1.94
5.24
3.86
1.10
2.42
4.26
1.45
2.00
5.87
3.69
0.08
4.38
1.20
0.92
0.58
5.95
5.87
5.48
2.74
4.61
5.55
1.91
2.11
5.86
5.70
5.96
4.33
5.95
3.47
3.12
4.65
2.41
2.13
0.48
1.07
3.85
1.42
5.36
4.64
5.02
5.80
3.92
5.15
5.55
0.68
5.82
0.41
3.78
5.55
4.75
1.52
5.21
5.11
4.81
6.14
2.54
5.52
1.51
0.18
2.19
5.42
5.81
5.58
2.45
0.18
5.98
0.86
0.36
2.40
0.46
3.26
3.16
3.89
2.92
1.95
5.47
4.31
0.79
3.49
1.99
0.00
4.44
3.76
4.90
2.66
4.02
0.20
0.15
5.75
5.69
1.59
0.43
2.05
5.90
5.72
1.21
2.05
4.59
6.19
2.92
1.38
3.32
5.38
0.17
3.99
1.13
4.63
1.70
3.77
5.43
4.57
2.27
3.65
1.87
0.04
0.87
2.09
2.25
3.88
5.46
1.84
2.55
2.14
0.49
0.79
0.06
4.08
0.21
6.11
5.15
5.81
5.23
3.67
4.79
3.51
2.80
5.15
2.01
3.19
1.70
5.33
3.89
4.71
2.98
4.47
2.91
0.73
1.89
4.09
4.78
3.86
3.18
6.28
4.61
0.64
1.47
0.16
3.82
5.97
1.48
4.71
4.68
4.54
0.66
4.31
1.48
5.88
2.62
0.12
2.75
3.50
0.99
0.04
5.74
4.62
3.74
3.29
2.01
4.38
5.48
1.66
4.89
5.74
4.02
0.32
3.38
5.79
2.95
4.03
4.65
4.54
0.13
5.02
1.80
3.44
0.21
0.09
4.86
6.10
5.69
2.47
0.91
2.11
3.93
6.08
5.24
6.28
4.41
3.95
3.04
0.18
1.85
1.52
0.28
4.33
5.64
5.44
3.25
1.33
0.78
5.82
2.87
5.41
2.27
0.95
4.07
0.12
1.52
1.35
0.36
1.56
0.76
0.21
6.13
5.72
5.48
3.64
5.89
3.18
5.32
1.64
2.60
0.67
0.78
1.22
0.51
0.30
0.71
5.62
3.65
5.78
0.39
2.99
1.35
5.46
4.78
4.98
5.66
5.21
4.15
6.03
1.43
3.08
6.10
5.74
1.40
2.50
4.66
6.06
5.54
5.92
0.09
5.81
5.96
3.62
0.62
6.03
3.21
4.04
5.71
1.62
1.33
6.19
0.97
3.85
5.39
5.46
5.36
5.62
0.75
5.47
1.01
0.95
5.74
4.26
5.07
5.58
1.09
6.07
4.60
3.82
4.74
4.53
4.09
1.54
5.28
4.13
3.23
5.42
4.67
5.33
0.43
5.41
6.02
1.56
1.34
2.81
4.43
3.26
0.48
2.02
4.39
5.31
4.87
0.31
3.95
3.23
5.33
1.64
2.48
2.46
3.13
1.07
4.68
5.70
1.01
4.29
4.92
1.15
4.83
5.68
0.60
5.68
2.12
1.45
5.85
1.60
0.43
5.56
1.64
6.01
4.90
2.63
1.58
2.48
2.47
1.17
1.14
3.63
0.60
4.76
4.79
4.53
0.80
1.30
4.89
3.87
6.26
3.97
4.32
2.32
3.75
3.41
2.22
1.37
0.03
2.39
0.44
4.46
4.60
3.10
4.99
2.56
1.57
1.56
4.80
4.89
4.94
3.48
0.47
5.31
2.33
5.45
5.56
5.74
1.04
1.32
1.34
0.28
6.12
5.26
4.51
0.26
5.78
5.75
4.85
1.67
5.99
5.92
4.55
2.38
2.71
4.52
2.71
5.65
2.37
2.66
2.11
4.01
0.39
1.59
0.31
0.88
5.85
3.26
1.44
0.16
4.94
1.65
6.16
4.29
4.94
3.91
5.83
6.02
0.91
2.88
4.97
6.12
1.38
2.21
4.75
4.14
0.62
0.41
3.59
6.24
0.56
5.32
6.11
3.25
3.87
5.33
0.31
3.61
4.00
5.02
0.05
0.23
4.17
4.57
4.93
1.32
1.15
0.20
5.47
5.50
0.44
5.05
0.16
0.01
5.07
4.38
0.27
2.45
4.09
5.48
1.42
4.49
5.84
2.06
6.10
1.96
3.36
4.24
3.88
1.99
0.14
0.73
0.77
5.21
5.30
5.60
2.17
5.81
4.93
5.92
4.97
3.12
0.98
0.91
2.18
6.28
3.99
3.88
0.08
5.43
2.65
5.57
0.09
1.43
0.68
6.18
4.87
0.05
3.07
1.71
1.37
2.17
0.44
1.53
4.94
1.21
6.20
2.06
0.31
6.19
1.69
4.68
1.14
3.91
0.92
1.14
5.75
0.51
0.83
5.41
3.67
5.35
5.48
3.99
4.27
5.52
3.22
5.22
2.99
0.25
4.95
5.59
0.28
0.35
3.80
4.86
6.23
1.25
4.56
5.49
6.20
4.26
3.74
0.02
1.66
0.77
2.84
4.32
4.74
2.64
5.56
5.42
4.51
3.70
5.35
3.37
3.89
3.92
4.93
2.18
3.83
4.61
3.85
6.10
0.88
1.30
6.02
4.04
0.36
6.15
1.02
0.03
1.59
4.83
5.00
2.26
3.53
4.98
5.34
2.78
3.55
4.64
0.24
0.07
1.29
2.70
0.19
1.09
4.48
1.66
1.58
5.23
5.81
1.67
4.49
2.84
4.48
0.03
0.68
3.45
5.25
0.80
4.66
4.09
5.72
0.19
1.83
3.01
5.36
6.22
1.16
4.85
2.19
5.62
1.27
5.62
2.57
1.38
2.25
4.43
0.36
5.02
5.80
1.56
2.19
6.00
2.41
2.71
3.61
3.16
2.18
4.58
3.61
0.91
1.08
1.53
3.62
6.23
1.60
3.40
3.43
5.64
5.54
5.64
1.95
2.04
0.48
1.75
0.34
0.31
6.05
5.53
4.01
5.62
5.41
1.97
5.25
4.61
6.19
6.07
5.29
0.59
4.64
1.02
4.82
5.11
2.63
0.34
1.38
6.12
4.41
3.46
3.49
0.65
1.84
5.09
1.12
0.90
3.70
3.60
4.97
2.34
3.69
2.36
1.43
6.12
6.23
5.11
2.22
5.78
4.88
0.33
4.72
5.53
5.95
1.57
2.35
4.29
2.00
1.43
6.10
3.38
4.23
0.87
4.95
4.31
6.06
1.34
1.26
0.88
0.22
3.40
2.46
3.79
1.13
1.82
0.72
6.26
4.07
1.93
4.68
5.35
0.65
4.26
5.77
5.99
2.35
0.87
2.09
5.00
5.15
0.72
3.27
5.43
2.22
4.37
4.97
4.22
5.91
2.16
0.12
2.95
0.41
0.01
3.05
2.15
5.71
1.73
1.51
1.94
5.43
3.90
1.15
5.59
0.81
2.21
0.24
4.60
3.31
0.60
1.10
0.50
4.90
3.44
1.04
6.10
0.34
5.83
0.87
4.34
5.26
1.45
6.28
2.09
0.44
5.68
0.39
0.67
2.29
6.13
5.32
1.56
4.14
2.10
5.67
5.15
1.05
5.40
0.70
0.56
1.58
4.90
0.25
4.56
2.95
4.57
0.17
3.18
3.35
2.47
0.02
3.91
0.63
3.72
1.78
5.85
4.41
4.58
3.78
2.00
1.88
0.76
1.12
6.06
4.29
4.99
4.67
0.01
5.97
1.42
2.32
1.18
6.18
1.85
4.92
4.73
4.63
1.97
0.75
3.18
5.90
5.33
6.13
3.53
3.31
5.85
3.50
4.19
5.60
0.54
5.70
5.44
1.10
5.45
2.50
3.81
3.56
1.84
5.19
3.75
3.71
0.56
4.66
5.07
6.14
2.02
2.18
5.23
2.34
3.15
1.80
3.34
6.09
2.16
3.23
1.37
0.11
1.43
3.39
1.35
3.76
0.61
4.83
4.79
5.14
0.51
1.12
2.36
3.18
2.77
2.43
4.20
5.39
0.24
0.99
4.47
5.89
0.10
4.67
0.22
0.26
5.21
0.74
5.47
0.68
1.55
5.29
5.85
1.48
3.58
5.44
1.42
5.01
2.05
0.63
3.74
4.53
5.39
4.80
1.32
1.66
3.98
0.38
4.69
4.85
1.39
1.36
0.17
0.66
5.93
0.72
0.29
4.73
6.13
0.51
6.03
0.56
4.43
3.53
0.91
1.65
3.99
1.08
4.75
0.67
4.25
0.52
3.54
0.39
0.28
5.95
0.05
5.69
2.48
2.63
3.58
5.35
2.25
2.65
5.27
2.17
2.69
5.51
2.45
5.43
1.53
2.48
5.76
5.74
2.96
5.76
2.91
6.14
0.03
1.42
4.66
5.42
4.79
2.18
5.25
2.84
5.51
0.81
1.68
4.38
5.63
1.87
0.97
5.94
2.12
2.64
0.53
4.28
1.43
5.78
0.23
1.38
5.64
4.65
2.30
0.06
6.04
2.80
2.74
3.67
0.77
0.25
0.07
3.40
4.97
0.86
5.44
0.58
1.01
0.52
0.56
4.71
1.59
5.74
5.47
0.58
5.73
3.61
4.76
4.10
3.61
0.21
3.01
4.46
1.61
0.91
3.60
2.34
4.58
4.62
0.27
2.16
4.33
5.48
1.12
3.69
3.54
5.73
2.67
4.13
2.98
5.25
1.80
4.11
0.05
1.30
2.23
3.61
2.63
2.76
0.28
3.79
5.15
5.83
2.88
1.16
1.21
5.31
0.43
5.79
3.63
5.81
2.07
3.66
0.59
3.35
0.48
5.30
2.24
0.39
1.95
5.43
1.57
2.38
0.37
3.34
3.67
4.23
5.19
5.32
1.81
2.08
3.13
0.85
2.40
5.12
1.51
5.77
1.21
4.41
2.79
4.12
0.78
4.86
5.67
3.54
3.51
1.21
5.43
1.01
6.15
5.49
1.31
1.27
4.33
0.09
1.23
5.64
1.08
2.07
0.33
5.66
0.20
4.89
5.68
3.67
0.64
4.64
5.31
0.67
0.96
0.75
6.14
0.81
4.37
3.71
2.44
0.10
0.20
0.79
4.81
2.04
2.54
5.97
5.11
4.88
3.91
0.47
4.02
6.25
0.80
3.90
3.99
4.35
3.99
4.87
3.64
2.40
4.94
2.10
6.07
4.73
1.53
6.25
5.35
6.01
0.35
4.39
5.07
1.00
4.19
0.37
5.81
0.44
3.88
4.07
4.96
2.80
3.80
2.57
6.16
2.57
4.20
5.93
0.00
2.56
2.56
3.30
5.27
4.43
5.90
2.42
5.38
0.01
6.26
3.67
5.79
2.28
5.41
4.91
3.23
2.21
1.41
6.22
1.11
5.75
0.19
3.02
5.55
2.12
4.47
2.74
4.94
4.98
0.61
0.07
1.06
3.66
5.65
3.55
1.37
0.08
0.86
3.46
5.92
1.10
5.48
1.62
5.45
5.23
2.27
1.85
4.18
0.18
3.00
0.68
0.26
1.63
1.03
1.64
1.73
2.75
1.42
3.73
5.94
0.40
5.65
0.65
2.14
4.58
5.11
4.84
5.63
1.96
2.53
4.14
3.91
5.52
4.92
5.24
0.07
2.23
0.68
3.22
5.87
0.98
4.00
4.91
6.19
1.53
0.54
0.26
2.50
1.24
5.62
2.08
0.16
4.76
2.01
5.84
0.29
5.23
1.47
5.08
0.35
5.82
4.58
1.89
5.66
4.41
4.10
2.60
5.27
4.55
4.53
4.23
4.24
2.45
1.16
6.02
5.51
0.40
5.66
5.01
4.97
5.13
1.27
2.49
4.00
3.69
1.75
0.59
0.05
4.81
0.40
5.89
6.00
4.62
1.23
0.17
5.02
1.91
3.16
0.13
4.59
4.71
0.98
0.41
2.01
2.63
3.49
5.81
3.77
4.64
0.32
4.28
1.49
5.85
2.01
4.50
2.30
3.54
5.89
0.12
4.07
2.81
0.80
4.65
5.32
2.89
2.67
3.12
1.00
1.87
6.17
0.75
2.73
6.02
4.32
5.27
5.28
5.35
4.10
1.11
5.14
6.18
5.62
1.26
3.60
4.66
1.44
0.89
1.44
5.64
0.10
4.86
0.99
5.80
2.35
4.27
1.90
0.86
6.21
0.37
5.13
6.12
5.50
4.83
5.68
4.92
4.61
4.05
0.46
1.18
0.97
4.13
4.88
3.20
4.29
0.28
0.98
3.00
5.90
0.38
6.06
4.70
4.92
1.97
6.12
3.82
4.78
2.57
3.65
0.64
4.89
6.02
3.40
0.33
2.91
0.68
4.27
2.61
3.03
1.92
0.89
4.96
2.79
6.17
1.17
0.14
1.06
4.93
5.53
0.84
0.18
4.58
0.67
2.60
5.90
1.93
4.87
5.48
0.22
4.43
2.45
5.54
3.70
6.13
4.16
0.17
2.89
5.57
5.79
5.32
0.22
2.20
2.80
6.19
5.42
6.25
3.67
2.17
2.97
2.32
4.49
3.40
0.64
1.55
0.01
4.96
5.47
4.90
0.37
2.56
1.52
3.82
5.68
0.05
5.62
0.49
6.10
3.13
5.17
0.90
4.74
0.12
3.14
6.28
5.29
5.81
5.45
5.47
0.34
4.80
0.71
6.12
2.01
3.39
0.90
4.81
5.55
4.25
6.06
6.04
5.92
5.67
4.92
0.26
1.91
3.07
1.21
0.94
0.31
5.17
5.81
0.15
4.76
4.60
5.25
0.99
0.73
0.88
3.87
1.53
2.69
5.55
6.21
0.87
4.79
0.69
5.94
1.63
3.74
4.86
1.37
4.58
0.94
4.21
1.83
0.18
5.47
5.61
5.15
2.65
4.38
0.89
3.56
3.18
4.56
6.22
4.24
5.20
5.58
0.06
4.22
0.53
0.60
5.49
0.11
4.58
4.10
4.01
3.92
2.20
1.85
2.91
4.01
5.92
0.88
5.87
1.66
6.20
4.07
5.13
5.01
1.34
5.56
2.42
3.88
4.26
0.28
0.61
5.12
3.60
1.30
5.70
4.57
0.76
2.26
0.78
0.83
3.77
4.69
0.76
0.60
0.66
2.58
0.82
1.90
0.34
2.21
6.09
3.78
0.41
4.44
5.04
0.94
0.71
4.08
0.21
4.03
4.26
4.23
4.87
1.84
2.54
4.16
2.61
0.15
0.84
5.75
2.51
6.03
5.20
1.46
0.14
2.73
5.46
5.89
5.11
5.57
2.81
5.07
1.54
5.81
4.99
5.89
4.25
2.35
4.26
5.63
5.51
5.55
6.04
5.48
3.17
5.15
6.22
3.93
1.98
4.55
3.45
1.50
1.85
2.53
6.17
4.81
5.60
5.60
1.28
0.80
1.07
4.60
5.71
5.29
5.34
4.91
0.25
0.79
5.21
1.68
6.04
2.86
4.72
3.38
5.48
4.29
1.66
4.97
0.69
1.79
3.11
0.57
1.49
0.75
3.50
3.82
0.25
2.65
1.88
0.34
0.56
0.13
4.46
1.98
1.89
4.00
4.60
2.70
4.66
5.13
4.13
5.47
3.80
0.25
2.65
6.03
3.12
3.52
5.21
0.19
0.16
2.47
0.49
3.16
2.39
0.30
2.37
0.48
3.54
5.69
4.68
4.15
2.24
6.27
5.84
1.31
5.68
4.13
3.64
4.04
3.66
4.73
3.83
0.07
4.23
5.84
4.55
5.50
5.33
5.96
5.60
1.64
2.20
4.49
0.46
4.34
3.45
5.74
1.52
6.05
4.58
3.42
0.13
5.67
2.10
4.26
4.99
0.50
0.87
6.01
5.45
4.54
5.09
0.28
2.19
6.16
0.82
5.02
0.83
2.47
0.19
3.20
2.05
0.52
5.90
1.49
0.42
6.22
4.48
3.20
1.87
6.04
0.90
0.39
3.29
4.14
0.27
5.05
0.12
1.16
3.44
0.31
4.44
6.26
1.20
0.80
0.17
4.17
0.26
1.08
5.86
2.43
1.00
0.20
4.52
0.63
5.75
5.56
4.11
4.81
5.34
1.67
1.23
4.94
5.10
4.45
5.13
5.88
4.41
0.86
0.92
2.70
2.83
3.61
4.93
3.53
0.91
4.41
1.59
6.24
5.12
3.81
3.97
5.25
2.47
5.50
5.46
3.65
0.69
6.13
5.05
2.72
1.85
2.86
6.10
5.39
1.77
5.17
2.41
2.28
0.51
5.54
0.53
0.34
1.08
4.82
2.20
5.50
3.82
0.61
1.37
1.87
5.21
0.65
1.59
2.65
5.41
2.77
3.71
0.74
2.42
5.03
2.32
1.42
3.40
1.33
5.32
2.47
0.64
0.98
2.82
0.88
6.24
0.64
3.67
2.65
5.56
0.39
0.94
5.24
5.47
0.06
2.67
1.20
4.50
2.93
6.18
5.32
3.10
5.19
3.07
0.26
1.88
1.11
0.72
5.83
0.85
5.90
4.72
5.16
0.48
0.54
0.37
1.29
1.82
3.80
4.80
0.15
4.82
5.07
1.59
1.74
3.30
4.43
2.55
5.23
0.37
4.11
0.53
5.38
4.98
6.07
5.56
5.04
5.68
4.95
1.61
0.13
1.53
3.18
2.24
0.09
4.82
4.64
3.43
5.65
4.68
3.04
4.00
2.34
1.58
2.84
0.46
6.24
5.00
6.12
3.65
2.78
2.70
6.15
4.03
2.95
0.26
4.09
6.06
2.51
1.41
6.02
2.53
2.94
5.29
3.38
0.65
1.03
3.89
1.71
0.45
4.29
3.17
3.13
0.46
1.40
6.14
5.24
5.44
6.22
5.19
0.68
0.77
0.11
0.54
4.78
5.41
1.58
3.39
2.08
1.51
0.24
3.13
3.00
3.75
4.45
4.92
5.81
4.55
6.25
3.54
2.72
5.00
4.65
0.53
5.50
0.80
2.74
6.11
5.87
1.65
5.98
3.13
4.44
3.76
3.11
3.37
4.54
5.45
1.00
0.94
2.28
3.38
0.58
2.23
3.32
5.30
0.35
5.97
2.98
0.85
1.10
0.74
5.91
4.36
3.47
5.76
0.61
5.61
0.17
2.14
3.74
4.71
1.62
5.70
4.50
4.89
4.99
4.46
0.45
4.04
0.39
5.86
1.99
3.01
4.73
0.43
2.57
5.44
1.05
4.70
0.54
3.80
2.83
4.61
6.03
2.90
0.75
2.29
1.84
5.81
0.28
0.03
6.28
5.67
2.46
1.44
1.23
3.91
3.15
1.48
2.44
3.30
6.28
5.59
5.94
5.30
0.61
6.03
6.00
4.05
0.51
3.10
1.05
5.45
3.43
0.73
4.97
5.45
0.44
3.53
0.81
3.57
4.36
4.13
0.29
3.81
1.26
5.55
4.19
4.45
5.18
4.54
4.27
6.21
0.49
2.05
1.16
0.68
3.30
1.58
4.38
0.04
3.13
4.72
4.12
3.32
2.53
3.79
1.84
0.92
1.70
5.23
0.07
4.51
3.98
6.26
2.94
4.88
5.58
1.03
2.40
0.19
1.46
1.54
1.73
4.15
1.52
0.13
0.90
6.02
3.98
5.91
5.72
4.13
2.89
4.63
0.69
0.93
5.01
0.96
4.87
2.38
2.22
0.79
0.57
0.72
0.05
6.18
2.29
2.73
3.41
4.51
1.01
4.22
5.48
5.15
1.05
3.50
5.65
2.18
5.50
4.50
1.75
3.20
5.09
0.03
3.68
5.85
0.72
5.97
4.29
0.66
1.25
5.41
0.41
3.75
0.25
4.49
1.36
1.92
1.86
1.24
3.99
4.01
2.21
1.48
4.83
4.56
4.30
1.57
2.34
3.94
0.51
0.06
0.79
1.28
5.06
0.60
5.78
5.21
5.54
2.30
4.29
5.00
1.29
5.56
1.21
5.74
2.00
2.08
0.67
1.57
4.17
6.21
1.34
6.19
5.68
0.53
0.12
5.87
2.12
3.04
4.59
5.03
5.36
3.21
2.28
3.48
2.28
4.06
1.85
5.39
5.71
1.74
4.92
4.73
0.49
5.54
4.82
1.55
0.01
0.11
5.50
0.39
3.87
0.89
1.09
6.18
0.64
0.60
2.53
5.55
5.80
4.07
5.70
4.16
3.88
0.92
5.63
5.25
0.44
4.94
0.42
5.39
1.12
4.04
