-0.09817477042468103  215  14.66287829861518
0.09817477042468103  198  14.071247279470288
0.2945243112740431  196  14.0
0.4908738521234052  189  13.74772708486752
0.6872233929727672  189  13.74772708486752
0.8835729338221293  149  12.206555615733702
1.0799224746714913  147  12.12435565298214
1.2762720155208536  146  12.083045973594572
1.4726215563702154  134  11.575836902790225
1.6689710972195777  116  10.770329614269007
1.8653206380689396  137  11.704699910719626
2.061670178918302  138  11.74734012447073
2.2580197197676637  128  11.313708498984761
2.454369260617026  113  10.63014581273465
2.6507188014663883  87  9.327379053088816
2.84706834231575  97  9.848857801796104
3.043417883165112  100  10.0
3.2397674240144743  121  11.0
3.4361169648638366  123  11.090536506409418
3.6324665057131984  129  11.357816691600547
3.8288160465625602  150  12.24744871391589
4.025165587411922  138  11.74734012447073
4.221515128261284  152  12.328828005937952
4.417864669110646  174  13.19090595827292
4.614214209960008  161  12.68857754044952
4.81056375080937  181  13.45362404707371
5.006913291658733  179  13.379088160259652
5.203262832508095  220  14.832396974191326
5.399612373357456  219  14.798648586948742
5.595961914206819  201  14.177446878757825
5.792311455056181  181  13.45362404707371
